1793
1792
1791
1770
1779
1796
1778
1797
1777
1771
1964
1773
1772
1798
1774
1799
1800
1801
1802
1803
1804
1805
1806
1814
1817
1807
1808
1809
1810
1815
1811
1812
1813
1820
1818
1816
1821
1819
1822
1823
1825
1835
1824
1834
1833
1826
1827
1832
1828
1831
1829
1836
1830
1837
1838
1839
1840
1841
1963
1961
1962
1960
1842
1959
1958
1843
1844
1957
1956
1952
1955
1847
1953
1951
1954
1950
1849
1848
1948
1949
1845
1846
1947
1946
1850
1939
1938
1944
1937
1945
1932
1940
1936
1943
1851
1933
1931
1942
1852
1928
1927
1934
1935
1929
1930
1941
1853
1926
1855
1854
1925
1857
1856
1863
1865
1864
1862
1858
1859
1924
1867
1860
1861
1866
1869
1868
1871
1870
1872
1923
1873
1877
1874
1878
1879
1876
1875
1880
1881
1882
1883
1884
1885
1886
1887
1888
1889
1890
1891
1892
1893
1894
1895
1896
1901
1900
1897
1898
1902
1921
1903
1904
1922
1920
1899
1905
1918
1907
1911
1908
1906
1919
1917
1912
1909
1915
1913
1916
1914
1910
